2.005000000000000000e+03 4.293000000000000000e+03
2.015000000000000000e+03 3.967000000000000000e+03
2.025000000000000000e+03 3.381000000000000000e+03
2.035000000000000000e+03 3.159000000000000000e+03
2.045000000000000000e+03 2.840000000000000000e+03
2.055000000000000000e+03 2.681000000000000000e+03
2.065000000000000000e+03 2.330000000000000000e+03
2.075000000000000000e+03 2.029000000000000000e+03
2.085000000000000000e+03 1.935000000000000000e+03
2.095000000000000000e+03 1.638000000000000000e+03
2.105000000000000000e+03 1.485000000000000000e+03
2.115000000000000000e+03 1.308000000000000000e+03
2.125000000000000000e+03 1.125000000000000000e+03
2.135000000000000000e+03 1.034000000000000000e+03
2.145000000000000000e+03 8.650000000000000000e+02
2.155000000000000000e+03 7.890000000000000000e+02
2.165000000000000000e+03 6.450000000000000000e+02
2.175000000000000000e+03 6.050000000000000000e+02
2.185000000000000000e+03 4.590000000000000000e+02
2.195000000000000000e+03 4.050000000000000000e+02
2.205000000000000000e+03 2.860000000000000000e+02
2.215000000000000000e+03 2.800000000000000000e+02
2.225000000000000000e+03 2.370000000000000000e+02
2.235000000000000000e+03 1.700000000000000000e+02
2.245000000000000000e+03 1.440000000000000000e+02
2.255000000000000000e+03 1.060000000000000000e+02
2.265000000000000000e+03 1.090000000000000000e+02
2.275000000000000000e+03 6.600000000000000000e+01
2.285000000000000000e+03 5.800000000000000000e+01
2.295000000000000000e+03 4.300000000000000000e+01
2.305000000000000000e+03 4.000000000000000000e+01
2.315000000000000000e+03 2.800000000000000000e+01
2.325000000000000000e+03 1.800000000000000000e+01
2.335000000000000000e+03 1.200000000000000000e+01
2.345000000000000000e+03 1.800000000000000000e+01
2.355000000000000000e+03 8.000000000000000000e+00
2.365000000000000000e+03 6.000000000000000000e+00
2.375000000000000000e+03 4.000000000000000000e+00
2.385000000000000000e+03 4.000000000000000000e+00
2.395000000000000000e+03 0.000000000000000000e+00
2.405000000000000000e+03 0.000000000000000000e+00
2.415000000000000000e+03 2.000000000000000000e+00
2.425000000000000000e+03 1.000000000000000000e+00
2.435000000000000000e+03 3.000000000000000000e+00
2.445000000000000000e+03 3.000000000000000000e+00
2.455000000000000000e+03 1.000000000000000000e+00
2.465000000000000000e+03 0.000000000000000000e+00
2.475000000000000000e+03 2.000000000000000000e+00
2.485000000000000000e+03 1.000000000000000000e+00
2.495000000000000000e+03 1.000000000000000000e+00
2.505000000000000000e+03 1.000000000000000000e+00
2.515000000000000000e+03 1.000000000000000000e+00
2.525000000000000000e+03 0.000000000000000000e+00
2.535000000000000000e+03 1.000000000000000000e+00
2.545000000000000000e+03 0.000000000000000000e+00
2.555000000000000000e+03 1.000000000000000000e+00
2.565000000000000000e+03 0.000000000000000000e+00
2.575000000000000000e+03 1.000000000000000000e+00
2.585000000000000000e+03 0.000000000000000000e+00
2.595000000000000000e+03 0.000000000000000000e+00
2.605000000000000000e+03 1.000000000000000000e+00
2.615000000000000000e+03 1.000000000000000000e+00
2.625000000000000000e+03 1.000000000000000000e+00
2.635000000000000000e+03 0.000000000000000000e+00
2.645000000000000000e+03 3.000000000000000000e+00
2.655000000000000000e+03 0.000000000000000000e+00
2.665000000000000000e+03 1.000000000000000000e+00
2.675000000000000000e+03 0.000000000000000000e+00
2.685000000000000000e+03 0.000000000000000000e+00
2.695000000000000000e+03 0.000000000000000000e+00
2.705000000000000000e+03 1.000000000000000000e+00
2.715000000000000000e+03 0.000000000000000000e+00
2.725000000000000000e+03 0.000000000000000000e+00
2.735000000000000000e+03 0.000000000000000000e+00
2.745000000000000000e+03 0.000000000000000000e+00
2.755000000000000000e+03 0.000000000000000000e+00
2.765000000000000000e+03 0.000000000000000000e+00
2.775000000000000000e+03 0.000000000000000000e+00
2.785000000000000000e+03 0.000000000000000000e+00
2.795000000000000000e+03 1.000000000000000000e+00
2.805000000000000000e+03 0.000000000000000000e+00
2.815000000000000000e+03 0.000000000000000000e+00
2.825000000000000000e+03 0.000000000000000000e+00
2.835000000000000000e+03 1.000000000000000000e+00
2.845000000000000000e+03 1.000000000000000000e+00
2.855000000000000000e+03 0.000000000000000000e+00
2.865000000000000000e+03 1.000000000000000000e+00
2.875000000000000000e+03 0.000000000000000000e+00
2.885000000000000000e+03 0.000000000000000000e+00
2.895000000000000000e+03 0.000000000000000000e+00
2.905000000000000000e+03 0.000000000000000000e+00
2.915000000000000000e+03 0.000000000000000000e+00
2.925000000000000000e+03 0.000000000000000000e+00
2.935000000000000000e+03 0.000000000000000000e+00
2.945000000000000000e+03 0.000000000000000000e+00
2.955000000000000000e+03 0.000000000000000000e+00
2.965000000000000000e+03 0.000000000000000000e+00
2.975000000000000000e+03 0.000000000000000000e+00
2.985000000000000000e+03 0.000000000000000000e+00
2.995000000000000000e+03 0.000000000000000000e+00
