2.005000000000000000e+03 4.243116194573894063e+03
2.015000000000000000e+03 3.932737735883746609e+03
2.025000000000000000e+03 3.497185867271686675e+03
2.035000000000000000e+03 3.241091967763916728e+03
2.045000000000000000e+03 2.842581373500992868e+03
2.055000000000000000e+03 2.696971621817410778e+03
2.065000000000000000e+03 2.378929580998069923e+03
2.075000000000000000e+03 2.031510011626099640e+03
2.085000000000000000e+03 1.888454910069401194e+03
2.095000000000000000e+03 1.657267659300982359e+03
2.105000000000000000e+03 1.463759966932759426e+03
2.115000000000000000e+03 1.331561790851478690e+03
2.125000000000000000e+03 1.141247510024193389e+03
2.135000000000000000e+03 9.911673286124447486e+02
2.145000000000000000e+03 8.653554846111013603e+02
2.155000000000000000e+03 7.606187710633674897e+02
2.165000000000000000e+03 6.443872162406092912e+02
2.175000000000000000e+03 5.460433814653255240e+02
2.185000000000000000e+03 4.745555268298046485e+02
2.195000000000000000e+03 3.917488005584194752e+02
2.205000000000000000e+03 3.134173779477271182e+02
2.215000000000000000e+03 2.694798355996576902e+02
2.225000000000000000e+03 2.279331413781580409e+02
2.235000000000000000e+03 1.799803363326786894e+02
2.245000000000000000e+03 1.473627442237280150e+02
2.255000000000000000e+03 1.153166959890686485e+02
2.265000000000000000e+03 9.489533802034735288e+01
2.275000000000000000e+03 7.178227759432358823e+01
2.285000000000000000e+03 6.115501970172390145e+01
2.295000000000000000e+03 4.485980478002410621e+01
2.305000000000000000e+03 3.309092561276050048e+01
2.315000000000000000e+03 2.464387829221729831e+01
2.325000000000000000e+03 1.788361357541208818e+01
2.335000000000000000e+03 1.263994473490464010e+01
2.345000000000000000e+03 8.719935286773690564e+00
2.355000000000000000e+03 5.830743491568287418e+00
2.365000000000000000e+03 3.771849613206824436e+00
2.375000000000000000e+03 2.366288369710063400e+00
2.385000000000000000e+03 1.406024967549731608e+00
2.395000000000000000e+03 7.993647947222517480e-01
2.405000000000000000e+03 4.280854956055780147e-01
2.415000000000000000e+03 2.147724312390810186e-01
2.425000000000000000e+03 1.014464560586959274e-01
2.435000000000000000e+03 4.229436141946975314e-02
2.445000000000000000e+03 1.602575771295613322e-02
2.455000000000000000e+03 5.864745375805224814e-03
2.465000000000000000e+03 1.404811101646367272e-03
2.475000000000000000e+03 4.773629957050763337e-04
2.485000000000000000e+03 1.636673128131689939e-04
2.495000000000000000e+03 2.727788546886149898e-05
2.505000000000000000e+03 0.000000000000000000e+00
2.515000000000000000e+03 0.000000000000000000e+00
2.525000000000000000e+03 0.000000000000000000e+00
2.535000000000000000e+03 0.000000000000000000e+00
2.545000000000000000e+03 0.000000000000000000e+00
2.555000000000000000e+03 0.000000000000000000e+00
2.565000000000000000e+03 0.000000000000000000e+00
2.575000000000000000e+03 0.000000000000000000e+00
2.585000000000000000e+03 0.000000000000000000e+00
2.595000000000000000e+03 0.000000000000000000e+00
2.605000000000000000e+03 0.000000000000000000e+00
2.615000000000000000e+03 0.000000000000000000e+00
2.625000000000000000e+03 0.000000000000000000e+00
2.635000000000000000e+03 0.000000000000000000e+00
2.645000000000000000e+03 0.000000000000000000e+00
2.655000000000000000e+03 0.000000000000000000e+00
2.665000000000000000e+03 0.000000000000000000e+00
2.675000000000000000e+03 0.000000000000000000e+00
2.685000000000000000e+03 0.000000000000000000e+00
2.695000000000000000e+03 0.000000000000000000e+00
2.705000000000000000e+03 0.000000000000000000e+00
2.715000000000000000e+03 0.000000000000000000e+00
2.725000000000000000e+03 0.000000000000000000e+00
2.735000000000000000e+03 0.000000000000000000e+00
2.745000000000000000e+03 0.000000000000000000e+00
2.755000000000000000e+03 0.000000000000000000e+00
2.765000000000000000e+03 0.000000000000000000e+00
2.775000000000000000e+03 0.000000000000000000e+00
2.785000000000000000e+03 0.000000000000000000e+00
2.795000000000000000e+03 0.000000000000000000e+00
2.805000000000000000e+03 0.000000000000000000e+00
2.815000000000000000e+03 0.000000000000000000e+00
2.825000000000000000e+03 0.000000000000000000e+00
2.835000000000000000e+03 0.000000000000000000e+00
2.845000000000000000e+03 0.000000000000000000e+00
2.855000000000000000e+03 0.000000000000000000e+00
2.865000000000000000e+03 0.000000000000000000e+00
2.875000000000000000e+03 0.000000000000000000e+00
2.885000000000000000e+03 0.000000000000000000e+00
2.895000000000000000e+03 0.000000000000000000e+00
2.905000000000000000e+03 0.000000000000000000e+00
2.915000000000000000e+03 0.000000000000000000e+00
2.925000000000000000e+03 0.000000000000000000e+00
2.935000000000000000e+03 0.000000000000000000e+00
2.945000000000000000e+03 0.000000000000000000e+00
2.955000000000000000e+03 0.000000000000000000e+00
2.965000000000000000e+03 0.000000000000000000e+00
2.975000000000000000e+03 0.000000000000000000e+00
2.985000000000000000e+03 0.000000000000000000e+00
2.995000000000000000e+03 0.000000000000000000e+00
