2.005000000000000000e+03 2.705708650615187838e-01
2.015000000000000000e+03 2.452032661027667704e-01
2.025000000000000000e+03 3.224027126636311857e-01
2.035000000000000000e+03 3.387904874975009029e-01
2.045000000000000000e+03 2.558123840873497978e-01
2.055000000000000000e+03 2.026054911972668404e-01
2.065000000000000000e+03 1.991149458024146779e-01
2.075000000000000000e+03 2.410955834846698620e-01
2.085000000000000000e+03 4.386816457712762185e-01
2.095000000000000000e+03 5.993608095925201384e-01
2.105000000000000000e+03 7.891441548614832602e-01
2.115000000000000000e+03 1.279450304828536611e+00
2.125000000000000000e+03 9.440473744966213498e-01
2.135000000000000000e+03 7.168397279746860917e-01
2.145000000000000000e+03 6.755119330815442247e-01
2.155000000000000000e+03 5.914600105305884981e-01
2.165000000000000000e+03 8.535990207769884597e-01
2.175000000000000000e+03 1.321257012991641666e+00
2.185000000000000000e+03 2.120481562939415809e+00
2.195000000000000000e+03 3.337930205392529714e+00
2.205000000000000000e+03 3.531772021540278583e+00
2.215000000000000000e+03 3.477836265497236568e+00
2.225000000000000000e+03 2.414680868759978782e+00
2.235000000000000000e+03 1.368028308749531963e+00
2.245000000000000000e+03 5.885837325172955659e-01
2.255000000000000000e+03 4.765673956914520670e-01
2.265000000000000000e+03 2.467846098992906578e-01
2.275000000000000000e+03 4.149084227925086132e-01
2.285000000000000000e+03 4.472130757356013731e-01
2.295000000000000000e+03 3.313423859617042888e-01
2.305000000000000000e+03 2.893716690397069580e-01
2.315000000000000000e+03 2.926512733961911805e-01
2.325000000000000000e+03 3.569567391756657271e-01
2.335000000000000000e+03 1.734803434334920569e-01
2.345000000000000000e+03 2.168783170944207916e-01
2.355000000000000000e+03 1.555642187292411160e-01
2.365000000000000000e+03 2.715029842433125395e-01
2.375000000000000000e+03 9.596322179871691338e-02
2.385000000000000000e+03 4.274940745998325742e-01
2.395000000000000000e+03 3.442550214149989740e-01
2.405000000000000000e+03 2.460439374793186307e-01
2.415000000000000000e+03 6.611655756618324276e-01
2.425000000000000000e+03 7.113481013222638927e-01
2.435000000000000000e+03 9.566678691309382643e-01
2.445000000000000000e+03 1.050477910918184543e+00
2.455000000000000000e+03 1.167870025213297414e+00
2.465000000000000000e+03 9.306099742277905706e-01
2.475000000000000000e+03 5.055458606992413451e-01
2.485000000000000000e+03 4.333013564469546663e-01
2.495000000000000000e+03 2.301926300276431192e-01
2.505000000000000000e+03 8.585217880817153091e-02
2.515000000000000000e+03 2.777105523084112404e-01
2.525000000000000000e+03 8.574140382590836329e-02
2.535000000000000000e+03 1.485491590378864857e-01
2.545000000000000000e+03 1.328204603229015957e-01
2.555000000000000000e+03 2.242719647615719347e-01
2.565000000000000000e+03 3.207579226809925688e-01
2.575000000000000000e+03 2.892932819243165254e-01
2.585000000000000000e+03 5.328986672440508832e-01
2.595000000000000000e+03 1.289290545839354873e+00
2.605000000000000000e+03 1.319398169077532490e+00
2.615000000000000000e+03 1.696180301820658265e+00
2.625000000000000000e+03 1.869675303828354451e+00
2.635000000000000000e+03 9.153210528188699957e-01
2.645000000000000000e+03 7.444196680953668599e-01
2.655000000000000000e+03 2.917882677401272828e-01
2.665000000000000000e+03 1.963870303820727248e-01
2.675000000000000000e+03 2.129723012401974480e-01
2.685000000000000000e+03 2.206257221980243433e-01
2.695000000000000000e+03 1.843958420011110044e-01
2.705000000000000000e+03 2.092816298101630168e-01
2.715000000000000000e+03 1.931356133166924338e-01
2.725000000000000000e+03 1.888687588680338370e-01
2.735000000000000000e+03 1.945561543051840259e-01
2.745000000000000000e+03 1.599037627903560632e-01
2.755000000000000000e+03 1.538004892594172501e-01
2.765000000000000000e+03 1.819821348402017591e-01
2.775000000000000000e+03 1.657164118757916138e-01
2.785000000000000000e+03 2.072051280305474419e-01
2.795000000000000000e+03 1.874388246505229172e-01
2.805000000000000000e+03 2.412336293266491294e-01
2.815000000000000000e+03 2.661147520919998621e-01
2.825000000000000000e+03 3.144208960305427958e-01
2.835000000000000000e+03 2.984545918915523233e-01
2.845000000000000000e+03 2.865639735486325002e-01
2.855000000000000000e+03 2.656085310721695292e-01
2.865000000000000000e+03 1.974181273483651966e-01
2.875000000000000000e+03 1.809713365406421248e-01
2.885000000000000000e+03 1.086508341036194203e-01
2.895000000000000000e+03 9.960260770476817016e-02
2.905000000000000000e+03 1.050317844471195250e-01
2.915000000000000000e+03 7.047813346182969785e-02
2.925000000000000000e+03 6.558910125354845688e-02
2.935000000000000000e+03 5.319301664750862579e-02
2.945000000000000000e+03 5.290329976911817278e-02
2.955000000000000000e+03 5.376598613659611114e-02
2.965000000000000000e+03 6.813926206316263390e-02
2.975000000000000000e+03 3.895457808752431778e-02
2.985000000000000000e+03 2.320754794860491535e-02
2.995000000000000000e+03 2.260538949998749242e-02
