2.005000000000000000e+03 6.369767322277454513e-02
2.015000000000000000e+03 6.369633739280176898e-02
2.025000000000000000e+03 6.267125320412844647e-02
2.035000000000000000e+03 6.273764283922840523e-02
2.045000000000000000e+03 6.252049992222820374e-02
2.055000000000000000e+03 6.233592831453593774e-02
2.065000000000000000e+03 6.236592539986021699e-02
2.075000000000000000e+03 6.212223020566735171e-02
2.085000000000000000e+03 6.182871037062916131e-02
2.095000000000000000e+03 6.151383577938475400e-02
2.105000000000000000e+03 6.214132450256176082e-02
2.115000000000000000e+03 6.152615071706243888e-02
2.125000000000000000e+03 6.090948265976327269e-02
2.135000000000000000e+03 6.104213020139889756e-02
2.145000000000000000e+03 6.131387743886127645e-02
2.155000000000000000e+03 6.042655226850676686e-02
2.165000000000000000e+03 6.040751398137098049e-02
2.175000000000000000e+03 5.971038367708624006e-02
2.185000000000000000e+03 6.055966877313592039e-02
2.195000000000000000e+03 5.998009735050756353e-02
2.205000000000000000e+03 6.002091707151258754e-02
2.215000000000000000e+03 5.927668284225585948e-02
2.225000000000000000e+03 5.898933220340127348e-02
2.235000000000000000e+03 5.891893360686510650e-02
2.245000000000000000e+03 5.890063953746406400e-02
2.255000000000000000e+03 5.816898116050078782e-02
2.265000000000000000e+03 5.838636253547693777e-02
2.275000000000000000e+03 5.820756933624751661e-02
2.285000000000000000e+03 5.830588990091664647e-02
2.295000000000000000e+03 5.733548064183788956e-02
2.305000000000000000e+03 5.688633883954560128e-02
2.315000000000000000e+03 5.747539308994464857e-02
2.325000000000000000e+03 5.658585553126037337e-02
2.335000000000000000e+03 5.688494730839914471e-02
2.345000000000000000e+03 5.625134514461369029e-02
2.355000000000000000e+03 5.644045165195291092e-02
2.365000000000000000e+03 5.598599047890467917e-02
2.375000000000000000e+03 5.527485368640178837e-02
2.385000000000000000e+03 5.537753194293507097e-02
2.395000000000000000e+03 5.486108147973221827e-02
2.405000000000000000e+03 5.487845688997308041e-02
2.415000000000000000e+03 5.428282579313203904e-02
2.425000000000000000e+03 5.430367809824866721e-02
2.435000000000000000e+03 5.368832130936518343e-02
2.445000000000000000e+03 5.362061728052497367e-02
2.455000000000000000e+03 5.291576064481762903e-02
2.465000000000000000e+03 5.316835079316303142e-02
2.475000000000000000e+03 5.231979053575874783e-02
2.485000000000000000e+03 5.246138607220278416e-02
2.495000000000000000e+03 5.241389898511943091e-02
2.505000000000000000e+03 5.132270932412964087e-02
2.515000000000000000e+03 5.188287188884226075e-02
2.525000000000000000e+03 5.168075675723382556e-02
2.535000000000000000e+03 5.101786474936581550e-02
2.545000000000000000e+03 5.076375549881300547e-02
2.555000000000000000e+03 5.069947169777661022e-02
2.565000000000000000e+03 5.008658627599153756e-02
2.575000000000000000e+03 4.968212800389172623e-02
2.585000000000000000e+03 4.917061075084348115e-02
2.595000000000000000e+03 4.913421819618499914e-02
2.605000000000000000e+03 4.890505060182494257e-02
2.615000000000000000e+03 4.869533391767338903e-02
2.625000000000000000e+03 4.834226335219431181e-02
2.635000000000000000e+03 4.823196345501941373e-02
2.645000000000000000e+03 4.782627297984753945e-02
2.655000000000000000e+03 4.756239500739754128e-02
2.665000000000000000e+03 4.751204499694988009e-02
2.675000000000000000e+03 4.693972690417312632e-02
2.685000000000000000e+03 4.639954421138393209e-02
2.695000000000000000e+03 4.631619040134436760e-02
2.705000000000000000e+03 4.624746826289174995e-02
2.715000000000000000e+03 4.570089701099891433e-02
2.725000000000000000e+03 4.572759658288542972e-02
2.735000000000000000e+03 4.506504864407623323e-02
2.745000000000000000e+03 4.439493561690034673e-02
2.755000000000000000e+03 4.405870591680575293e-02
2.765000000000000000e+03 4.406062695364020010e-02
2.775000000000000000e+03 4.402048812539884753e-02
2.785000000000000000e+03 4.337766133887811792e-02
2.795000000000000000e+03 4.289725838498664040e-02
2.805000000000000000e+03 4.274697904117508163e-02
2.815000000000000000e+03 4.232539361585457849e-02
2.825000000000000000e+03 4.269003315731435821e-02
2.835000000000000000e+03 4.212513839910747571e-02
2.845000000000000000e+03 4.224826470630398123e-02
2.855000000000000000e+03 4.102855517106308164e-02
2.865000000000000000e+03 4.079600543901929638e-02
2.875000000000000000e+03 4.080653214424594111e-02
2.885000000000000000e+03 3.996033428955493572e-02
2.895000000000000000e+03 3.982148742813580722e-02
2.905000000000000000e+03 4.024798988239874920e-02
2.915000000000000000e+03 3.910144982186659901e-02
2.925000000000000000e+03 3.928890948643359166e-02
2.935000000000000000e+03 3.894242891573145710e-02
2.945000000000000000e+03 3.875577175430661159e-02
2.955000000000000000e+03 3.819310195019455512e-02
2.965000000000000000e+03 3.789666889574798414e-02
2.975000000000000000e+03 3.740547821144905860e-02
2.985000000000000000e+03 3.728573850008364693e-02
2.995000000000000000e+03 3.704476631753948757e-02
