2.005000000000000000e+03 4.243450475667120372e+03
2.015000000000000000e+03 3.933046647860228404e+03
2.025000000000000000e+03 3.497570955066185888e+03
2.035000000000000000e+03 3.241493508449195360e+03
2.045000000000000000e+03 2.842899720213633827e+03
2.055000000000000000e+03 2.697236574518175075e+03
2.065000000000000000e+03 2.379191075152038138e+03
2.075000000000000000e+03 2.031813242358644175e+03
2.085000000000000000e+03 1.888955436255688255e+03
2.095000000000000000e+03 1.657928551232145082e+03
2.105000000000000000e+03 1.464611267150534331e+03
2.115000000000000000e+03 1.332902782227391072e+03
2.125000000000000000e+03 1.142252479436292560e+03
2.135000000000000000e+03 9.919452242992530273e+02
2.145000000000000000e+03 8.660923253419883849e+02
2.155000000000000000e+03 7.612706714547989577e+02
2.165000000000000000e+03 6.453012342385761713e+02
2.175000000000000000e+03 5.474243641462721826e+02
2.185000000000000000e+03 4.767365813442825697e+02
2.195000000000000000e+03 3.951467239619722704e+02
2.205000000000000000e+03 3.170091828954144262e+02
2.215000000000000000e+03 2.730169594653385730e+02
2.225000000000000000e+03 2.304068214047287597e+02
2.235000000000000000e+03 1.814072941284651392e+02
2.245000000000000000e+03 1.480102358740103909e+02
2.255000000000000000e+03 1.158514390982811193e+02
2.265000000000000000e+03 9.520051390558575122e+01
2.275000000000000000e+03 7.225539758947749647e+01
2.285000000000000000e+03 6.166054121474006422e+01
2.295000000000000000e+03 4.524848337445041579e+01
2.305000000000000000e+03 3.343718544019665018e+01
2.315000000000000000e+03 2.499400586848187800e+01
2.325000000000000000e+03 1.829715671598608395e+01
2.335000000000000000e+03 1.287031002564652482e+01
2.345000000000000000e+03 8.993065494879795452e+00
2.355000000000000000e+03 6.042750709329139269e+00
2.365000000000000000e+03 4.099363333902875439e+00
2.375000000000000000e+03 2.517724231030161075e+00
2.385000000000000000e+03 1.890374600161988994e+00
2.395000000000000000e+03 1.206474938899385840e+00
2.405000000000000000e+03 7.633587588140595681e-01
2.415000000000000000e+03 1.045369307612632248e+00
2.425000000000000000e+03 1.168077328724212105e+00
2.435000000000000000e+03 1.662734151640329339e+00
2.445000000000000000e+03 2.078899218001057037e+00
2.455000000000000000e+03 2.399012330417945371e+00
2.465000000000000000e+03 2.095760243181814975e+00
2.475000000000000000e+03 1.376280785138230600e+00
2.485000000000000000e+03 9.551724845192811619e-01
2.495000000000000000e+03 4.923315530758061165e-01
2.505000000000000000e+03 2.104593618178415837e-01
2.515000000000000000e+03 3.497308243157511987e-01
2.525000000000000000e+03 1.417872775851188316e-01
2.535000000000000000e+03 2.003030345531128797e-01
2.545000000000000000e+03 1.836897501218874296e-01
2.555000000000000000e+03 2.749843553133352048e-01
2.565000000000000000e+03 3.708448728683639839e-01
2.575000000000000000e+03 3.389754099282082933e-01
2.585000000000000000e+03 5.820692779948943851e-01
2.595000000000000000e+03 1.338424764035540004e+00
2.605000000000000000e+03 1.368303219679357641e+00
2.615000000000000000e+03 1.744875635738331709e+00
2.625000000000000000e+03 1.918017567180548832e+00
2.635000000000000000e+03 9.635530162738894511e-01
2.645000000000000000e+03 7.922459410752142883e-01
2.655000000000000000e+03 3.393506627475247894e-01
2.665000000000000000e+03 2.438990753790226396e-01
2.675000000000000000e+03 2.599120281443705882e-01
2.685000000000000000e+03 2.670252664094083239e-01
2.695000000000000000e+03 2.307120324024553581e-01
2.705000000000000000e+03 2.555290980730547945e-01
2.715000000000000000e+03 2.388365103276913759e-01
2.725000000000000000e+03 2.345963554509192805e-01
2.735000000000000000e+03 2.396212029492602591e-01
2.745000000000000000e+03 2.042986984072564238e-01
2.755000000000000000e+03 1.978591951762230239e-01
2.765000000000000000e+03 2.260427617938419731e-01
2.775000000000000000e+03 2.097369000011904960e-01
2.785000000000000000e+03 2.505827893694255182e-01
2.795000000000000000e+03 2.303360830355095645e-01
2.805000000000000000e+03 2.839806083678241833e-01
2.815000000000000000e+03 3.084401457078544961e-01
2.825000000000000000e+03 3.571109291878570846e-01
2.835000000000000000e+03 3.405797302906597990e-01
2.845000000000000000e+03 3.288122382549364398e-01
2.855000000000000000e+03 3.066370862432325484e-01
2.865000000000000000e+03 2.382141327873845138e-01
2.875000000000000000e+03 2.217778686848881076e-01
2.885000000000000000e+03 1.486111683931743699e-01
2.895000000000000000e+03 1.394240951329039635e-01
2.905000000000000000e+03 1.452797743295182742e-01
2.915000000000000000e+03 1.095795832836962830e-01
2.925000000000000000e+03 1.048780107399820416e-01
2.935000000000000000e+03 9.213544556324007595e-02
2.945000000000000000e+03 9.165907152342475661e-02
2.955000000000000000e+03 9.195908808679068014e-02
2.965000000000000000e+03 1.060359309589106458e-01
2.975000000000000000e+03 7.636005629897335556e-02
2.985000000000000000e+03 6.049328644868856575e-02
2.995000000000000000e+03 5.965015581752698692e-02
