2.005000000000000000e+03 1.255494260676900812e-05
2.015000000000000000e+03 1.237298691681583792e-05
2.025000000000000000e+03 1.382863243644123002e-05
2.035000000000000000e+03 1.255494260676901151e-05
2.045000000000000000e+03 1.382863243644123002e-05
2.055000000000000000e+03 1.128125277709679300e-05
2.065000000000000000e+03 1.328276536658170756e-05
2.075000000000000000e+03 1.291885398667535699e-05
2.085000000000000000e+03 1.583014502592614627e-05
2.095000000000000000e+03 1.728579054555153498e-05
2.105000000000000000e+03 1.473841088620709796e-05
2.115000000000000000e+03 1.492036657616027494e-05
2.125000000000000000e+03 1.255494260676900812e-05
2.135000000000000000e+03 1.382863243644123171e-05
2.145000000000000000e+03 1.492036657616027155e-05
2.155000000000000000e+03 1.382863243644123171e-05
2.165000000000000000e+03 1.146320846704996489e-05
2.175000000000000000e+03 1.528427795606662211e-05
2.185000000000000000e+03 1.328276536658170756e-05
2.195000000000000000e+03 1.310080967662853227e-05
2.205000000000000000e+03 1.200907553690948905e-05
2.215000000000000000e+03 1.091734139719044582e-05
2.225000000000000000e+03 9.825607257471400899e-06
2.235000000000000000e+03 1.055343001728409695e-05
2.245000000000000000e+03 7.278227598126963880e-06
2.255000000000000000e+03 6.732360528267439725e-06
2.265000000000000000e+03 4.912803628735699602e-06
2.275000000000000000e+03 4.003025178969829117e-06
2.285000000000000000e+03 2.547379659344436596e-06
2.295000000000000000e+03 7.278227598126961550e-07
2.305000000000000000e+03 1.819556899531740970e-06
2.315000000000000000e+03 9.097784497658702732e-07
2.325000000000000000e+03 5.458670698595221427e-07
2.335000000000000000e+03 0.000000000000000000e+00
2.345000000000000000e+03 5.458670698595221427e-07
2.355000000000000000e+03 2.547379659344436596e-06
2.365000000000000000e+03 2.474597383363167584e-05
2.375000000000000000e+03 1.977858349791002568e-04
2.385000000000000000e+03 1.478026069489633354e-03
2.395000000000000000e+03 7.994041282402749096e-03
2.405000000000000000e+03 3.435086883918987699e-02
2.415000000000000000e+03 1.151484749185867906e-01
2.425000000000000000e+03 3.009790932450036594e-01
2.435000000000000000e+03 6.100835997805563737e-01
2.445000000000000000e+03 9.587749320893916849e-01
2.455000000000000000e+03 1.172361799184025388e+00
2.465000000000000000e+03 1.110577107059215418e+00
2.475000000000000000e+03 8.179377709075255076e-01
2.485000000000000000e+03 4.692460746873106103e-01
2.495000000000000000e+03 2.096977461775747509e-01
2.505000000000000000e+03 7.328447368554040497e-02
2.515000000000000000e+03 2.013740011849768016e-02
2.525000000000000000e+03 4.365117001976646233e-03
2.535000000000000000e+03 7.360107658605891893e-04
2.545000000000000000e+03 1.055343001728409661e-04
2.555000000000000000e+03 1.291885398667535699e-05
2.565000000000000000e+03 3.639113799063480775e-07
2.575000000000000000e+03 0.000000000000000000e+00
2.585000000000000000e+03 0.000000000000000000e+00
2.595000000000000000e+03 0.000000000000000000e+00
2.605000000000000000e+03 0.000000000000000000e+00
2.615000000000000000e+03 0.000000000000000000e+00
2.625000000000000000e+03 0.000000000000000000e+00
2.635000000000000000e+03 0.000000000000000000e+00
2.645000000000000000e+03 0.000000000000000000e+00
2.655000000000000000e+03 0.000000000000000000e+00
2.665000000000000000e+03 0.000000000000000000e+00
2.675000000000000000e+03 0.000000000000000000e+00
2.685000000000000000e+03 0.000000000000000000e+00
2.695000000000000000e+03 0.000000000000000000e+00
2.705000000000000000e+03 0.000000000000000000e+00
2.715000000000000000e+03 0.000000000000000000e+00
2.725000000000000000e+03 0.000000000000000000e+00
2.735000000000000000e+03 0.000000000000000000e+00
2.745000000000000000e+03 0.000000000000000000e+00
2.755000000000000000e+03 0.000000000000000000e+00
2.765000000000000000e+03 0.000000000000000000e+00
2.775000000000000000e+03 0.000000000000000000e+00
2.785000000000000000e+03 0.000000000000000000e+00
2.795000000000000000e+03 0.000000000000000000e+00
2.805000000000000000e+03 0.000000000000000000e+00
2.815000000000000000e+03 0.000000000000000000e+00
2.825000000000000000e+03 0.000000000000000000e+00
2.835000000000000000e+03 0.000000000000000000e+00
2.845000000000000000e+03 0.000000000000000000e+00
2.855000000000000000e+03 0.000000000000000000e+00
2.865000000000000000e+03 0.000000000000000000e+00
2.875000000000000000e+03 0.000000000000000000e+00
2.885000000000000000e+03 0.000000000000000000e+00
2.895000000000000000e+03 0.000000000000000000e+00
2.905000000000000000e+03 0.000000000000000000e+00
2.915000000000000000e+03 0.000000000000000000e+00
2.925000000000000000e+03 0.000000000000000000e+00
2.935000000000000000e+03 0.000000000000000000e+00
2.945000000000000000e+03 0.000000000000000000e+00
2.955000000000000000e+03 0.000000000000000000e+00
2.965000000000000000e+03 0.000000000000000000e+00
2.975000000000000000e+03 0.000000000000000000e+00
2.985000000000000000e+03 0.000000000000000000e+00
2.995000000000000000e+03 0.000000000000000000e+00
