0.8795941987581695
1.1340840352154382
1.244280465345132
1.3023053938800864
1.62453409639823
1.8279152377225985
2.1375611858339063
2.411749950711802
2.547656417739109
2.6744263127812586
2.886753394147364
3.022412246412196
3.089103786341081
3.074802816668087
3.2083288440080793
3.0371382975272114
3.008242160147728
2.9348126569324924
3.171032308482896
3.060065906662575
2.913874009245191
2.934128315045651
2.911701328231015
2.9150544859597245
3.0707518356967243
2.840621006074433
2.744964768451793
2.8497193376654
2.664117580380531
2.884655543745783
2.871547851531766
2.9713968993363378
2.817498377480837
2.6880469564325367
2.819845290293867
2.6945038712427656
2.9248051275915734
2.8793460291992314
2.7653383714288866
2.7329196564517213
2.77324104952445
2.818891542078234
2.708804150120694
2.7469164522676874
2.708284172782536
2.8867817916332985
2.76510520646808
2.746510321260332
2.705409021438106
2.7007579931554
2.7127953978587858
2.7902047678408555
2.747364266978336
2.8752916072013814
2.8818563646866076
2.76542267667139
2.803446775480406
2.8591562498031404
2.8044156919270744
2.6782093562879097
2.7609323540020814
2.7971309585108894
2.757443260528965
2.775191660020096
2.74489686124741
2.736523439799058
2.8133723067368326
2.72741214994072
2.802030895630436
2.915590774933154
2.6741657725803547
2.8855070599216437
2.6984911207361164
2.667523879399527
2.608267691958358
2.5888853364821207
2.7087156419075287
2.755298922830603
2.7526603771069533
2.7293020805576576
2.8473786947301156
2.8293883811694127
2.743874839075924
2.669440785030797
2.796110988224596
2.7914673526523055
2.8883456441091373
2.826643954556957
2.847702507687475
2.7063978288933654
2.7629509973222666
2.74217938782561
2.731612504034128
2.7353391671700003
2.8421103727416717
2.815098040158274
2.9408813166037344
2.7043773666942688
2.7828604080613184
2.7540705230106526
2.7482105769822156
2.7131877325280125
2.827352994730261
2.8023490934303714
2.6701179073792622
2.7209838671966917
2.720852183760213
2.686749594292041
2.6906797325374625
2.857440231463482
2.835826949668964
2.8530086588437635
2.7273029829613
2.819813863973331
2.785450019267286
2.746446988059011
2.6976033583539296
2.8060301770123726
2.7658728316187213
2.7797452604773345
2.7865170294664274
2.615136966126574
