1.0524192096530924
1.2184951402802124
1.230813166139046
1.2760405134165214
1.4856269580605002
1.736896999200388
1.9222270438708602
2.114911213768134
2.3361547919924885
2.4607669025579724
2.6097246906558573
2.6757629930765905
2.9137182004249267
2.828296624349188
2.9879512009699924
2.867559011687741
3.089469649957457
3.098934802421719
3.092193655332461
2.993113907299721
3.134306183223323
3.038166866930382
2.933625989323635
2.87245465851635
3.0382603871765013
2.9726562697805905
2.8189797605384297
2.9515341461289766
3.006310315106181
2.8765952550349634
2.80929690761376
2.9267491245191
2.876466264312663
2.7513371357591856
2.8160566076673805
2.8700480703962516
2.7914799619612483
2.914874855394011
2.8644867112896213
2.7093274998472943
2.7895034026442507
2.8400172534968635
2.9281099205808077
2.7925296348744912
2.940989851345381
2.7220637012809252
2.7772815664326824
2.941333347801554
2.807369680850549
2.8024328470177142
2.7626262337749568
2.7604556216519107
2.726480793155204
2.83744757856471
2.8430853608722257
2.6934848449019437
2.8096866600755677
2.7526556479783677
2.824248562033509
2.7399479047752635
2.751579638116307
2.7423485732694095
2.7075548429100644
2.7482167161525304
2.815953130793127
2.724664321049286
2.7549128044822533
2.9402556270585416
2.691849373691899
2.841876561156986
2.7396030801080506
2.6548088779225973
2.901316436085638
2.767711596209729
2.7830997305858403
2.7740330557986628
2.9458275983283686
2.8323820019858723
2.8298307766036674
2.663180214420976
2.896788470583574
2.7328719089166422
2.7450324242124813
2.7794478598950256
2.8055208626910586
2.675476742950922
2.6941345006792403
2.6547137493872013
2.7610211791878694
2.640978762512956
2.7186258093768974
2.803443203196445
2.7012186498055897
2.694347701705965
2.688425717036295
2.813280743040745
2.7658996715263497
2.841415439279558
2.773521334412349
2.6618431867966894
2.8550457568192904
2.776637888123489
2.780579819383439
2.832600365573227
2.7875409660508397
2.84848888483876
2.7637794784877725
2.8211655177418553
2.8755133876248413
2.813664717454297
2.704309296178465
2.764856731330734
2.7599201587382463
2.7390827569300016
2.858576748240372
2.7888429031121635
2.6654943072441917
2.8937723896868497
2.818738040677454
2.630115471462968
2.7103313717164337
2.678741253880084
