0.8430444289881871
1.19101047496249
1.290987834288495
1.3533004303682816
1.703408866569136
2.0860897673277785
2.3389455002763384
2.558450455816323
2.8364033099305566
2.9514730344824414
3.061848474631725
3.115373901960917
3.3382942965176476
3.2485836574989224
3.1698724857168585
3.360260450939571
2.943468413472388
3.1208627162729905
2.9571809813484493
2.938068391299666
2.9024464698058905
2.8660846722855227
2.767156983480568
2.7524800383507912
2.924203271067835
2.704273389411849
2.9663470135655268
2.74967503388613
2.7052000281800845
2.827331569414451
2.686701489070371
2.785743875622903
2.6707984080852967
2.8256051082382427
2.7518377977791673
2.7843068391778805
2.803598596624958
2.7808985716758086
2.7274912637633477
2.82650391107913
2.666866145246345
2.8315695474781615
2.818962175162159
2.6878103444550474
2.8340691043536537
2.9290904564260085
2.75022591499646
2.86862529653096
2.713966800269604
2.953385269211875
2.4498871919739287
2.728195763478915
2.856177371223162
2.7821113054679936
2.673596980620722
2.7491464095576976
2.736798802883547
2.8338902980395604
2.6947908934952247
2.8899376658645717
2.7123163803996673
2.673162875650008
2.829638561625991
2.8003950031225724
2.7314290910708428
2.7918811827636
2.6149678750537473
2.802356216995822
2.7711377455165462
2.7777694323897446
2.822570476261996
2.5818090555151736
2.6725285719193717
2.7919125091328634
2.77512519238352
2.787016783010805
2.747504540011205
2.7199933332541772
2.776613671658662
2.8969077060636863
2.474362753571757
2.719640432133835
2.8970574179678654
2.7763577876226644
2.6908944974659885
2.6104134207028022
2.791093563728422
2.6831981103317033
2.9167507916076927
2.748416007097754
2.71303427916817
2.7418987307092877
2.72932429114352
2.695548071113009
2.743315575963317
2.7302597842921275
2.828347709304327
2.678487214059829
2.4227419619509796
2.8446722822057326
2.6343158770014377
2.8590394718704593
2.9460209112017073
2.7379603158982304
2.833825676414874
2.7073310530541765
2.7880010437545817
2.7793357475583207
2.6126969022558884
2.510073605754755
2.7016014047089887
2.7569522694078783
2.729150149459894
2.793852523492672
2.7471247349968477
2.677161873850178
2.8192799131143715
2.568474611657212
2.739866382863335
2.8017021002244
2.6215035024958455
2.677200745975985
