1.4034214974569719
1.3534062372979159
1.3678861493280137
1.3672899468179276
1.443842220912743
1.503418237581376
1.5863257921787337
1.591396269334458
1.733369713724357
1.8848900242323658
1.9937658317875986
2.1031439586885927
2.244681395774008
2.394262887497135
2.445451429023254
2.4715639315012754
2.5143553087338075
2.5859236983920475
2.6655337715069
2.6867863640465037
2.7339538618122883
2.8630796552644586
2.6589212567209004
2.9567906145221423
2.9372086995230156
2.847717827889495
2.8946936222756374
2.8976871748366926
2.93617926816699
3.0278886969679446
2.970800792114923
2.7449500583466335
2.9244821331251245
3.0155241347750668
2.891790492196681
2.88423224704085
2.9156846482182344
2.8124481518695768
2.775008045338044
2.8204419591105054
2.8125224237527813
2.745455835575398
2.942154925975683
2.826680404254321
2.8302761871761417
2.8318513138983366
2.8101352729686986
2.6604365817636264
2.653028018920803
2.7255655688149063
2.9063570251448008
2.8632453201177257
2.7965099246069762
2.823754211564248
2.770247205816848
2.838149484290377
2.801536726850181
2.7178872877104396
2.7278148515213436
2.8828595817776046
2.7084403993652346
2.7995636466457956
2.621117995489881
2.794237571590422
2.8614371852173286
2.7160913529459836
2.7317967029099597
2.6977687845962874
2.667216757398685
2.737700929332321
2.8178442753623645
2.671385994198781
2.7341708498357455
2.7526355763759423
2.782481854694108
2.6219851354047012
2.8285459574448475
2.787810160736557
2.6616039472487434
2.7513764618901932
2.7063988973021993
2.7329126052540946
2.722833171731641
2.6553417057602617
2.6653471684469343
2.7526549280335173
2.75328738812182
2.7324901494773064
2.7938408001836126
2.926230453701283
2.7136036081257777
2.711679236451077
2.695878666124682
2.7992978447058245
2.7552756585175264
2.754943266236981
2.7075640495501325
2.658165659674447
2.6958626382495563
2.7664044953503812
2.645535401033116
2.6639607120963738
2.757125226321878
2.7244947184100305
2.6938788058282856
2.8437106384920394
2.7538042589984304
2.639926680749546
2.623980525631491
2.663055474995909
2.7164367933824365
2.7307261311225877
2.6523310861230494
2.668406498426807
2.7427844648872846
2.7797029487573726
2.7409274482734163
2.7049631659771367
2.72121916499601
2.6425012415387874
2.718160935235505
2.6901558381686312
