1.2087119477357062
1.3167886197328862
1.2345320898479635
1.3715318966791432
1.357875252755855
1.4823914808749272
1.71048460494388
1.8445462514455144
2.044746214571304
2.1539835469590223
2.288462996439815
2.3921930530702844
2.5177976378596316
2.568389505980573
2.679647401978002
2.737598498171488
2.820264567886044
2.86794647894948
2.9278932394141606
2.9138982967612597
2.8304572095967773
2.969009365756326
2.921083029517308
3.0162401283938554
3.1290039289523897
3.0924058525687212
2.861200747812082
2.9290280173241774
3.020007064102307
2.8725184843323137
2.8622411843836932
2.9741410735149247
2.9373985624619765
2.9048642898389097
2.8572338133654256
2.9205561947783982
2.84447958565853
2.850183695504443
2.7645368600958276
2.786513286853853
2.7986340702700723
2.7874920287260716
2.967364834434575
2.8570641969400867
2.736906718125064
2.767404635560035
2.8146934742169694
2.6590695212398376
2.7427441208974637
2.788329889695296
2.749264217236142
2.739172304356351
2.758925205023451
2.758919082567949
2.795738585209393
2.7794386600641334
2.7258495876155435
2.9590482883572307
2.8282554852809776
2.637662203223283
2.768698450777763
2.65618395633573
2.8417973985246947
2.766581779762211
2.7974203736229
2.7180466666611363
2.8144119676501225
2.586451666992696
2.7964392398278335
2.7493537632318876
2.8048833077012882
2.729022520076033
2.8323968364283334
2.8217807226686653
2.67577866372153
2.7706032822322375
2.8140911276835303
2.739954823611198
2.7005619146379845
2.7138857489425408
2.7266878081756785
2.838739616320689
2.7967326049502494
2.7602241867597144
2.6810960614933146
2.7253142716165146
2.7926896401491126
2.8102114612022238
2.756956723931559
2.635771069053534
2.616371586568806
2.8389596339963528
2.671214518104706
2.8385531939236905
2.8244815813521003
2.662435143329046
2.8979949200861412
2.641591298020126
2.768742258563697
2.8481487175172275
2.8906034805078153
2.7344748993843324
2.8221748111323683
2.8385163846556787
2.8193582447421384
2.6250194424664675
2.822367694189502
2.9868013871662
2.7230884088074845
2.787111181210465
2.6755842807289043
2.676215361256669
2.76395992474433
2.6703335109910107
2.631081356251081
2.7419533220178516
2.78846784128943
2.9019028322715315
2.795766024490525
2.7282340462021373
2.6602567440489038
2.851656707325572
