0.000000000000000000e+00 1.340010465220870195e+00
2.500000000000000000e-01 1.307618445019632203e+00
5.000000000000000000e-01 1.303439076228380955e+00
7.500000000000000000e-01 1.223602924158560423e+00
1.000000000000000000e+00 1.513711059269199355e+00
1.250000000000000000e+00 1.670241621380855523e+00
1.500000000000000000e+00 1.875031016566832243e+00
1.750000000000000000e+00 2.083736525150166052e+00
2.000000000000000000e+00 2.241828938714750752e+00
2.250000000000000000e+00 2.297338906765420852e+00
2.500000000000000000e+00 2.477079509200519780e+00
2.750000000000000000e+00 2.624384083113453059e+00
3.000000000000000000e+00 2.662369537665160379e+00
3.250000000000000000e+00 2.706413545491576755e+00
3.500000000000000000e+00 2.751047685907591411e+00
3.750000000000000000e+00 2.853498830916965545e+00
4.000000000000000000e+00 2.915404534692889182e+00
4.250000000000000000e+00 2.882130287705327198e+00
4.500000000000000000e+00 2.920774013447966500e+00
4.750000000000000000e+00 2.921653066595086390e+00
5.000000000000000000e+00 3.093271538567883727e+00
5.250000000000000000e+00 2.882625535297104413e+00
5.500000000000000000e+00 3.015134980903134032e+00
5.750000000000000000e+00 2.736447034654691191e+00
6.000000000000000000e+00 2.873341660236014672e+00
6.250000000000000000e+00 2.840174710063450458e+00
6.500000000000000000e+00 2.775060939816303307e+00
6.750000000000000000e+00 2.843555674771761410e+00
7.000000000000000000e+00 2.844462714890576560e+00
7.250000000000000000e+00 2.908726655936775707e+00
7.500000000000000000e+00 2.851584071864417425e+00
7.750000000000000000e+00 2.810870645205279850e+00
8.000000000000000000e+00 2.805158375502132095e+00
8.250000000000000000e+00 2.827256678576625326e+00
8.500000000000000000e+00 2.803327296150828651e+00
8.750000000000000000e+00 2.816107415827023619e+00
9.000000000000000000e+00 2.804768099482643162e+00
9.250000000000000000e+00 2.813441885459855740e+00
9.500000000000000000e+00 2.860513117464916988e+00
9.750000000000000000e+00 2.776709676349238265e+00
1.000000000000000000e+01 2.868237426599314688e+00
1.025000000000000000e+01 2.731273633959843572e+00
1.050000000000000000e+01 2.803573141468554741e+00
1.075000000000000000e+01 2.784759186029362343e+00
1.100000000000000000e+01 2.709460495548654091e+00
1.125000000000000000e+01 2.825778651698804378e+00
1.150000000000000000e+01 2.815868397226821251e+00
1.175000000000000000e+01 2.816530416126671543e+00
1.200000000000000000e+01 2.746820833241973681e+00
1.225000000000000000e+01 2.777435343573496418e+00
1.250000000000000000e+01 2.885849144730084248e+00
1.275000000000000000e+01 2.735340568653715554e+00
1.300000000000000000e+01 2.629620079580964997e+00
1.325000000000000000e+01 2.828397224879399818e+00
1.350000000000000000e+01 2.835522244027340211e+00
1.375000000000000000e+01 2.882994911156948170e+00
1.400000000000000000e+01 2.685727785424057323e+00
1.425000000000000000e+01 2.782505538036462944e+00
1.450000000000000000e+01 2.713458265559224980e+00
1.475000000000000000e+01 2.756415385570932575e+00
1.500000000000000000e+01 2.833564210157500707e+00
1.525000000000000000e+01 2.776963324048733472e+00
1.550000000000000000e+01 2.673242151572704284e+00
1.575000000000000000e+01 2.909925699694744239e+00
1.600000000000000000e+01 2.745660862880691333e+00
1.625000000000000000e+01 2.649988474943981931e+00
1.650000000000000000e+01 2.799383040469253459e+00
1.675000000000000000e+01 2.695457580487417903e+00
1.700000000000000000e+01 2.872837508460886369e+00
1.725000000000000000e+01 2.683339672056895608e+00
1.750000000000000000e+01 2.872300633756053045e+00
1.775000000000000000e+01 2.945197991034271823e+00
1.800000000000000000e+01 2.780456012386366638e+00
1.825000000000000000e+01 2.728103793934508303e+00
1.850000000000000000e+01 2.823987351190385020e+00
1.875000000000000000e+01 2.772606821134104393e+00
1.900000000000000000e+01 2.750957854184338913e+00
1.925000000000000000e+01 2.731808034416523867e+00
1.950000000000000000e+01 2.785730733784433699e+00
1.975000000000000000e+01 2.758699978943454756e+00
2.000000000000000000e+01 2.784516189045668000e+00
2.025000000000000000e+01 2.724262959907983284e+00
2.050000000000000000e+01 2.669041625801732209e+00
2.075000000000000000e+01 2.699533999978587229e+00
2.100000000000000000e+01 2.747327675847774042e+00
2.125000000000000000e+01 2.695477004458893600e+00
2.150000000000000000e+01 2.796694776036387609e+00
2.175000000000000000e+01 2.804036795634532453e+00
2.200000000000000000e+01 2.744558558974450779e+00
2.225000000000000000e+01 2.779398112149994216e+00
2.250000000000000000e+01 2.732855399544548813e+00
2.275000000000000000e+01 2.854828301898073128e+00
2.300000000000000000e+01 2.751714631947197454e+00
2.325000000000000000e+01 2.673907600283131014e+00
2.350000000000000000e+01 2.685672018875756795e+00
2.375000000000000000e+01 2.716510322346735062e+00
2.400000000000000000e+01 2.745910755169269191e+00
2.425000000000000000e+01 2.617481553599769306e+00
2.450000000000000000e+01 2.801862151870583961e+00
2.475000000000000000e+01 2.836495928522360099e+00
