0.000000000000000000e+00 1.327689064938653907e+00
2.500000000000000000e-01 1.316204598237907364e+00
5.000000000000000000e-01 1.387551924912727941e+00
7.500000000000000000e-01 1.264362777432489926e+00
1.000000000000000000e+00 1.362470987732882000e+00
1.250000000000000000e+00 1.536970506550931370e+00
1.500000000000000000e+00 1.655970707314255108e+00
1.750000000000000000e+00 1.910569224548676504e+00
2.000000000000000000e+00 2.007242191118268071e+00
2.250000000000000000e+00 2.179408270280087656e+00
2.500000000000000000e+00 2.232237577086291225e+00
2.750000000000000000e+00 2.382777254087947938e+00
3.000000000000000000e+00 2.493450272402809365e+00
3.250000000000000000e+00 2.527769272483347152e+00
3.500000000000000000e+00 2.631121511067833652e+00
3.750000000000000000e+00 2.723399612162083816e+00
4.000000000000000000e+00 2.802189495865567981e+00
4.250000000000000000e+00 2.909029272997349036e+00
4.500000000000000000e+00 2.870536582450705865e+00
4.750000000000000000e+00 2.820129828054507293e+00
5.000000000000000000e+00 2.886141941497279984e+00
5.250000000000000000e+00 2.858170538130059501e+00
5.500000000000000000e+00 2.823765948688634175e+00
5.750000000000000000e+00 2.888977399865043871e+00
6.000000000000000000e+00 2.863423653494487020e+00
6.250000000000000000e+00 2.951382134094846066e+00
6.500000000000000000e+00 2.915007450464088379e+00
6.750000000000000000e+00 2.957668665390773111e+00
7.000000000000000000e+00 2.908076878756518546e+00
7.250000000000000000e+00 2.864655077470497524e+00
7.500000000000000000e+00 2.897418539118810976e+00
7.750000000000000000e+00 2.972647563257721615e+00
8.000000000000000000e+00 2.789335287454808299e+00
8.250000000000000000e+00 2.973194080452936205e+00
8.500000000000000000e+00 2.710436219219511056e+00
8.750000000000000000e+00 2.895031411288004008e+00
9.000000000000000000e+00 2.885478717916633684e+00
9.250000000000000000e+00 2.845966560734462636e+00
9.500000000000000000e+00 2.718050110002851127e+00
9.750000000000000000e+00 2.714426476593359006e+00
1.000000000000000000e+01 2.755745254139270628e+00
1.025000000000000000e+01 2.752842228305590222e+00
1.050000000000000000e+01 2.829809797407025318e+00
1.075000000000000000e+01 2.739415485490768631e+00
1.100000000000000000e+01 2.889743837080929634e+00
1.125000000000000000e+01 2.753856570588368857e+00
1.150000000000000000e+01 2.880244850428347103e+00
1.175000000000000000e+01 2.881562576726986347e+00
1.200000000000000000e+01 2.767748892807929462e+00
1.225000000000000000e+01 2.794493369522276893e+00
1.250000000000000000e+01 2.788590074246527273e+00
1.275000000000000000e+01 2.646587740553967727e+00
1.300000000000000000e+01 2.829287763988614479e+00
1.325000000000000000e+01 2.764734528861907403e+00
1.350000000000000000e+01 2.713296776767674334e+00
1.375000000000000000e+01 2.820525894411273882e+00
1.400000000000000000e+01 2.787263416465208365e+00
1.425000000000000000e+01 2.776911573632608654e+00
1.450000000000000000e+01 2.857010440374137872e+00
1.475000000000000000e+01 2.708678520192036920e+00
1.500000000000000000e+01 2.769060025558747640e+00
1.525000000000000000e+01 2.770557975394103423e+00
1.550000000000000000e+01 2.697858293977652089e+00
1.575000000000000000e+01 2.648436936757446958e+00
1.600000000000000000e+01 2.722321556361216643e+00
1.625000000000000000e+01 2.774074964272182253e+00
1.650000000000000000e+01 2.807024449091025886e+00
1.675000000000000000e+01 2.770270614434477974e+00
1.700000000000000000e+01 2.749237447461676531e+00
1.725000000000000000e+01 2.741950505068520005e+00
1.750000000000000000e+01 2.604080273936874690e+00
1.775000000000000000e+01 2.764707269518534627e+00
1.800000000000000000e+01 2.763204957789538785e+00
1.825000000000000000e+01 2.875591367352425376e+00
1.850000000000000000e+01 2.750354427128280932e+00
1.875000000000000000e+01 2.786328226161621568e+00
1.900000000000000000e+01 2.669330766905861019e+00
1.925000000000000000e+01 2.804209524220723004e+00
1.950000000000000000e+01 2.758216191844887977e+00
1.975000000000000000e+01 2.729399699898290343e+00
2.000000000000000000e+01 2.805314318424261266e+00
2.025000000000000000e+01 2.767727043658069430e+00
2.050000000000000000e+01 2.663244739009103412e+00
2.075000000000000000e+01 2.803672065780723699e+00
2.100000000000000000e+01 2.721688633033363836e+00
2.125000000000000000e+01 2.803504214195835509e+00
2.150000000000000000e+01 2.682341283618852934e+00
2.175000000000000000e+01 2.622164584322303593e+00
2.200000000000000000e+01 2.918881980326936798e+00
2.225000000000000000e+01 2.677221018171948685e+00
2.250000000000000000e+01 2.706973611311620953e+00
2.275000000000000000e+01 2.767493068683391400e+00
2.300000000000000000e+01 2.768039542490166482e+00
2.325000000000000000e+01 2.694017871148931320e+00
2.350000000000000000e+01 2.739298560889037226e+00
2.375000000000000000e+01 2.651052454968267469e+00
2.400000000000000000e+01 2.785973808104928562e+00
2.425000000000000000e+01 2.724911790321868921e+00
2.450000000000000000e+01 2.727545416522592081e+00
2.475000000000000000e+01 2.719830966468022915e+00
