0.000000000000000000e+00 1.114425727840649305e+00
2.500000000000000000e-01 1.146686544547913522e+00
5.000000000000000000e-01 1.180174141793987275e+00
7.500000000000000000e-01 1.366548655366921494e+00
1.000000000000000000e+00 1.724597053739986396e+00
1.250000000000000000e+00 2.072607112014726916e+00
1.500000000000000000e+00 2.369330366308743496e+00
1.750000000000000000e+00 2.667188456706036881e+00
2.000000000000000000e+00 2.753879894406308537e+00
2.250000000000000000e+00 3.007771924978924094e+00
2.500000000000000000e+00 2.988157133349053751e+00
2.750000000000000000e+00 3.010886272283908038e+00
3.000000000000000000e+00 3.047022309963614006e+00
3.250000000000000000e+00 3.059487649175832491e+00
3.500000000000000000e+00 2.916854960346971115e+00
3.750000000000000000e+00 2.972382894231655026e+00
4.000000000000000000e+00 2.976966275229384173e+00
4.250000000000000000e+00 3.080471945148021806e+00
4.500000000000000000e+00 2.860043450857233882e+00
4.750000000000000000e+00 2.971628850766338203e+00
5.000000000000000000e+00 2.801693603937277732e+00
5.250000000000000000e+00 2.890338972475823276e+00
5.500000000000000000e+00 2.788488913491321775e+00
5.750000000000000000e+00 2.746815993902553377e+00
6.000000000000000000e+00 2.789486721856536455e+00
6.250000000000000000e+00 2.867370704325181041e+00
6.500000000000000000e+00 2.877055154110169433e+00
6.750000000000000000e+00 2.798728109472418346e+00
7.000000000000000000e+00 2.795429641562484413e+00
7.250000000000000000e+00 2.837396493533663300e+00
7.500000000000000000e+00 2.801152069898090957e+00
7.750000000000000000e+00 2.755732462161273766e+00
8.000000000000000000e+00 2.640544514614506788e+00
8.250000000000000000e+00 2.709824723281161418e+00
8.500000000000000000e+00 2.813235522485921791e+00
8.750000000000000000e+00 2.753596162802472325e+00
9.000000000000000000e+00 2.799910045860110497e+00
9.250000000000000000e+00 2.749895658719271996e+00
9.500000000000000000e+00 2.729176472160954159e+00
9.750000000000000000e+00 2.740122537899896127e+00
1.000000000000000000e+01 2.703590100548577180e+00
1.025000000000000000e+01 2.702899884836353017e+00
1.050000000000000000e+01 2.747478417984645649e+00
1.075000000000000000e+01 2.722899590780104351e+00
1.100000000000000000e+01 2.848009936532555297e+00
1.125000000000000000e+01 2.718975333118830662e+00
1.150000000000000000e+01 2.709839562184201522e+00
1.175000000000000000e+01 2.887451797119759966e+00
1.200000000000000000e+01 2.788629362111461507e+00
1.225000000000000000e+01 2.734291391393323778e+00
1.250000000000000000e+01 2.856694202293562412e+00
1.275000000000000000e+01 2.874118976874844300e+00
1.300000000000000000e+01 2.766909992831339871e+00
1.325000000000000000e+01 2.704745140826358085e+00
1.350000000000000000e+01 2.707642491069716328e+00
1.375000000000000000e+01 2.729260716759305705e+00
1.400000000000000000e+01 2.774970267483519049e+00
1.425000000000000000e+01 2.750012904397781899e+00
1.450000000000000000e+01 2.668971939246885139e+00
1.475000000000000000e+01 2.719701689542558309e+00
1.500000000000000000e+01 2.744574114888973959e+00
1.525000000000000000e+01 2.662319144780393110e+00
1.550000000000000000e+01 2.721764379269239420e+00
1.575000000000000000e+01 2.758836922666399794e+00
1.600000000000000000e+01 2.626014393177698469e+00
1.625000000000000000e+01 2.710175594029564650e+00
1.650000000000000000e+01 2.744087606544770797e+00
1.675000000000000000e+01 2.716774580501096992e+00
1.700000000000000000e+01 2.825461145408943331e+00
1.725000000000000000e+01 2.689791828446166821e+00
1.750000000000000000e+01 2.783870460805448754e+00
1.775000000000000000e+01 2.831204137553081868e+00
1.800000000000000000e+01 2.594955968963008175e+00
1.825000000000000000e+01 2.651345241033214339e+00
1.850000000000000000e+01 2.646522527317230811e+00
1.875000000000000000e+01 2.789273229952946132e+00
1.900000000000000000e+01 2.673331604836088449e+00
1.925000000000000000e+01 2.757900384765877178e+00
1.950000000000000000e+01 2.698716459500379639e+00
1.975000000000000000e+01 2.699018753571797991e+00
2.000000000000000000e+01 2.848816033796986780e+00
2.025000000000000000e+01 2.719758928786548680e+00
2.050000000000000000e+01 2.851728900831286939e+00
2.075000000000000000e+01 2.706795384177294483e+00
2.100000000000000000e+01 2.673825739372228227e+00
2.125000000000000000e+01 2.683380661990398597e+00
2.150000000000000000e+01 2.663232714508020127e+00
2.175000000000000000e+01 2.634503867827532986e+00
2.200000000000000000e+01 2.700304924633008863e+00
2.225000000000000000e+01 2.681018187977702194e+00
2.250000000000000000e+01 2.688832208363110432e+00
2.275000000000000000e+01 2.785451314687346080e+00
2.300000000000000000e+01 2.757263856464502894e+00
2.325000000000000000e+01 2.869031282134115290e+00
2.350000000000000000e+01 2.667212255587149361e+00
2.375000000000000000e+01 2.720778551059910733e+00
2.400000000000000000e+01 2.689981812879790546e+00
2.425000000000000000e+01 2.769696314919197988e+00
2.450000000000000000e+01 2.770742460543708763e+00
2.475000000000000000e+01 2.678052009829851698e+00
