0.000000000000000000e+00 1.198193290953319945e+00
2.500000000000000000e-01 1.332054179535605121e+00
5.000000000000000000e-01 1.366749302809683986e+00
7.500000000000000000e-01 1.332139004685598760e+00
1.000000000000000000e+00 1.609816235688054320e+00
1.250000000000000000e+00 1.886825259106938546e+00
1.500000000000000000e+00 2.088951874292779287e+00
1.750000000000000000e+00 2.334113378408096739e+00
2.000000000000000000e+00 2.490071896252455730e+00
2.250000000000000000e+00 2.628030714936409495e+00
2.500000000000000000e+00 2.761305670084350794e+00
2.750000000000000000e+00 2.863238181507897551e+00
3.000000000000000000e+00 2.869181092339407879e+00
3.250000000000000000e+00 2.944866677706313496e+00
3.500000000000000000e+00 2.966231857526402393e+00
3.750000000000000000e+00 3.061470750089376303e+00
4.000000000000000000e+00 2.844230457796419920e+00
4.250000000000000000e+00 2.953002854079656458e+00
4.500000000000000000e+00 2.969205314510221072e+00
4.750000000000000000e+00 2.894363348143483616e+00
5.000000000000000000e+00 2.884947843788538968e+00
5.250000000000000000e+00 2.907496406280925427e+00
5.500000000000000000e+00 2.958781130163066653e+00
5.750000000000000000e+00 2.893184848600109937e+00
6.000000000000000000e+00 3.033879610254158088e+00
6.250000000000000000e+00 2.822406734715364074e+00
6.500000000000000000e+00 2.949121193545850339e+00
6.750000000000000000e+00 2.902010073902636211e+00
7.000000000000000000e+00 2.890459368520183592e+00
7.250000000000000000e+00 2.754072530589103618e+00
7.500000000000000000e+00 2.896867441953403510e+00
7.750000000000000000e+00 2.776074287145334107e+00
8.000000000000000000e+00 2.857404079274109332e+00
8.250000000000000000e+00 2.927465755958105209e+00
8.500000000000000000e+00 2.847558376867825203e+00
8.750000000000000000e+00 2.747493287395818218e+00
9.000000000000000000e+00 2.832452902347414092e+00
9.250000000000000000e+00 2.804377661167906766e+00
9.500000000000000000e+00 2.737306090429937555e+00
9.750000000000000000e+00 2.837151564135681703e+00
1.000000000000000000e+01 2.738514325080815048e+00
1.025000000000000000e+01 2.907157793065066720e+00
1.050000000000000000e+01 2.843655356254068955e+00
1.075000000000000000e+01 2.771640022599791919e+00
1.100000000000000000e+01 2.748717957694252423e+00
1.125000000000000000e+01 2.825156636008794298e+00
1.150000000000000000e+01 2.716222122465388633e+00
1.175000000000000000e+01 2.681909001997420106e+00
1.200000000000000000e+01 2.787560360334953469e+00
1.225000000000000000e+01 2.769298162872660285e+00
1.250000000000000000e+01 2.716876655133416030e+00
1.275000000000000000e+01 2.732058413198152458e+00
1.300000000000000000e+01 2.840589220104339230e+00
1.325000000000000000e+01 2.758172819778517582e+00
1.350000000000000000e+01 2.732523990822935733e+00
1.375000000000000000e+01 2.751431065496961814e+00
1.400000000000000000e+01 2.799457326622462716e+00
1.425000000000000000e+01 2.771503299516996588e+00
1.450000000000000000e+01 2.670319283286609835e+00
1.475000000000000000e+01 2.742196209602088430e+00
1.500000000000000000e+01 2.613643758233215486e+00
1.525000000000000000e+01 2.803753308976899117e+00
1.550000000000000000e+01 2.725017839895337524e+00
1.575000000000000000e+01 2.716067406149138552e+00
1.600000000000000000e+01 2.813846093090215827e+00
1.625000000000000000e+01 2.749958241474558029e+00
1.650000000000000000e+01 2.714588832205453883e+00
1.675000000000000000e+01 2.890372111062805782e+00
1.700000000000000000e+01 2.743529784183592390e+00
1.725000000000000000e+01 2.604039312408338525e+00
1.750000000000000000e+01 2.645854701732490710e+00
1.775000000000000000e+01 2.938573957562620187e+00
1.800000000000000000e+01 2.812227313661066042e+00
1.825000000000000000e+01 2.759621690479358236e+00
1.850000000000000000e+01 2.875243432613430183e+00
1.875000000000000000e+01 2.781114856263100954e+00
1.900000000000000000e+01 2.744895613874790641e+00
1.925000000000000000e+01 2.758335942176421085e+00
1.950000000000000000e+01 2.796367709538670532e+00
1.975000000000000000e+01 2.702299058540664767e+00
2.000000000000000000e+01 2.752319616270992420e+00
2.025000000000000000e+01 2.776407855948114012e+00
2.050000000000000000e+01 2.753782708140360302e+00
2.075000000000000000e+01 2.651164938530031989e+00
2.100000000000000000e+01 2.708098438538088182e+00
2.125000000000000000e+01 2.749435159045390265e+00
2.150000000000000000e+01 2.788945320089085023e+00
2.175000000000000000e+01 2.847208314017231068e+00
2.200000000000000000e+01 2.653665889398196143e+00
2.225000000000000000e+01 2.704854198811686317e+00
2.250000000000000000e+01 2.686444759053443043e+00
2.275000000000000000e+01 2.646082637700833295e+00
2.300000000000000000e+01 2.761448802947325198e+00
2.325000000000000000e+01 2.776150653444227512e+00
2.350000000000000000e+01 2.778890028521344924e+00
2.375000000000000000e+01 2.735378948807159816e+00
2.400000000000000000e+01 2.743771405796465501e+00
2.425000000000000000e+01 2.708366960992616868e+00
2.450000000000000000e+01 2.553169147780894210e+00
2.475000000000000000e+01 2.752884014371477228e+00
